model_path: Models/gammafest\202404181214
vocab: '7360192458'
height: 256
width: 64
max_text_length: 9
batch_size: 32
learning_rate: 0.001
train_epochs: 1000
train_cer: 0.0027160493191331625
train_wer: 0.024444444105029106
val_cer: 0.07333333790302277
val_wer: 0.41999998688697815
