model_path: Models/gammafest\202404172016
vocab: '7360192458'
height: 256
width: 64
max_text_length: 9
batch_size: 32
learning_rate: 0.001
train_epochs: 1000
train_cer: 0.018518518656492233
train_wer: 0.14444445073604584
val_cer: 0.006666666828095913
val_wer: 0.05999999865889549
